<Nodes>
 1 0.0 -0.5  ;
 2 0.25 -0.5  ;
 3 0.5 -0.5  ;
 4 0.75 -0.5  ;
 5 1.0 -0.5  ;
 6 1.25 -0.5  ;
 7 1.5 -0.5  ;
 8 0.0 -0.25  ;
 9 0.25 -0.25  ;
 10 0.5 -0.25  ;
 11 0.75 -0.25  ;
 12 1.0 -0.25  ;
 13 1.25 -0.25  ;
 14 1.5 -0.25  ;
 15 0.0 0.0  ;
 16 0.25 0.0  ;
 17 0.5 0.0  ;
 18 0.75 0.0  ;
 19 1.0 0.0  ;
 20 1.25 0.0  ;
 21 1.5 0.0  ;
 22 0.0 0.0  ;
 23 0.25 0.0  ;
 24 0.5 0.0  ;
 25 0.75 0.0  ;
 26 1.0 0.0  ;
 27 1.25 0.0  ;
 28 1.5 0.0  ;
 29 0.0 0.25  ;
 30 0.25 0.25  ;
 31 0.5 0.25  ;
 32 0.75 0.25  ;
 33 1.0 0.25  ;
 34 1.25 0.25  ;
 35 1.5 0.25  ;
 36 0.0 0.5  ;
 37 0.25 0.5  ;
 38 0.5 0.5  ;
 39 0.75 0.5  ;
 40 1.0 0.5  ;
 41 1.25 0.5  ;
 42 1.5 0.5  ;

</Nodes>

<Elements>
 1 'ContElem' 1 2 9 8  ;
 2 'ContElem' 2 3 10 9  ;
 3 'ContElem' 3 4 11 10  ;
 4 'ContElem' 4 5 12 11  ;
 5 'ContElem' 5 6 13 12  ;
 6 'ContElem' 6 7 14 13  ;
 7 'ContElem' 8 9 16 15  ;
 8 'ContElem' 9 10 17 16  ;
 9 'ContElem' 10 11 18 17  ;
 10 'ContElem' 11 12 19 18  ;
 11 'ContElem' 12 13 20 19  ;
 12 'ContElem' 13 14 21 20  ;
 13 'ContElem' 22 23 30 29  ;
 14 'ContElem' 23 24 31 30  ;
 15 'ContElem' 24 25 32 31  ;
 16 'ContElem' 25 26 33 32  ;
 17 'ContElem' 26 27 34 33  ;
 18 'ContElem' 27 28 35 34  ;
 19 'ContElem' 29 30 37 36  ;
 20 'ContElem' 30 31 38 37  ;
 21 'ContElem' 31 32 39 38  ;
 22 'ContElem' 32 33 40 39  ;
 23 'ContElem' 33 34 41 40  ;
 24 'ContElem' 34 35 42 41  ;
 25 'InterfaceElem' 15 16 22 23  ;
 26 'InterfaceElem' 16 17 23 24  ;
 27 'InterfaceElem' 17 18 24 25  ;
 28 'InterfaceElem' 18 19 25 26  ;

</Elements>

<NodeConstraints>
 u[ 1 ] = 0.0;
 v[ 1 ] = 0.0;
 u[ 8 ] = 0.0;
 v[ 8 ] = 0.0;
 u[ 15 ] = 0.0;
 v[ 15 ] = 0.0;
 u[ 22 ] = 0.0;
 v[ 22 ] = 0.0;
 u[ 29 ] = 0.0;
 v[ 29 ] = 0.0;
 u[ 36 ] = 0.0;
 v[ 36 ] = 0.0;
 v[ 7 ]  = -0.1;
 v[ 42 ] = 0.1;
</NodeConstraints>

<ExternalForces>
</ExternalForces>
